UUUUUUUUUUUUUUUUUUUUUUUU
UUUUUUUUUUUUUUUUUUUUUUUU
100100001001010001110101
010111101010101101000100
001111101100011110100011
101111101001001001101101
010111101010000010111100
101000101000010110100001
100001011010011001110110
001110000110100101100100
011101010100110001111010
010110011101001110001111
011101001000011100101111
101101011010001001111100
010010001110001010001101
100010011001110100110000
100111111010000110111000
010100101000101010100000
100010101010111000111000
101110000011001110100110
001011001100110001100001
011101101011100100111001
011010011001001000110110
010100100110101110100001
100000100101101101110000
100111101010111101010110
011011000111100001000100
011001001001011011100110
001111110111100110001100
001111111110000101101111
001011100110110010011100
001101001011110101100011
011010010101111111011001
100100100110110101100010
001111000110000010111010
100101111000100010101000
100101010100101110011111
010110110111100001010010
101100110110010101110001
110110110110000101110100
011011111011000010101101
011110101100011010101110
001100010111100110011000
100100001010011001110111
011010111100010111011100
110011110011110110010001
100111011010011001110111
101010100101010110010110
001101000111010101100101
001101100110100111000010
100001110101111101000010
101000000111010010111101
110100000110100010010001
001100100111101101100001
011000000110101011010001
010010000110001111010010
011101011001111100110110
100011100101101111000100
011011001001100101101100
110001100110111000111101
010010101000101010100000
011010001011111010111100
001011001011111110010001
011010011100000011011011
100011010011011100101001
011101010101000001100100
100101001001010101011001
010111100101111100111110
101011000111001100111110
011111111000101011000101
101010001000100101100100
101000011001111110101100
101101101001100001111011
100010111011011001001101
100000111010011100111001
101001000101110000101001
010000100101110110000001
100001101000011011010100
011010101000011001000111
100001011001101110011000
101000000110000100110000
110100101000001010010001
100010100111111110101001
100110100011100110000010
101101101000100001100010
101111100111101100110110
011100001100111010101111
010110010110111111000001
010101011100001101111001
110001000010110001110101
001011100111001010101001
010101111100010111011000
101001100100011001111100
011000001100110101011101
101100001000001000111001
001110001011101101100000
110101110111110101110000
100100000011000110011001
110100000010110110010110
100011100100011110011100
