100000101001000110110100
000010100111101010101010
011011110000110110111110
101001001100010111011110
101100110010100010011000
110100011000100110101101
011101110111111111001010
000100110101010000010000
011011111000101100011011
011011100011001011101110
000001001010101110000001
101011111010110011110010
010110100001110111110110
000110011011100010111100
111011100110110011011011
100000000011011101100101
001001101010110111011100
111011111011100000110001
000000010010100010110011
000100111001010111011100
000000101001100010001001
100000100100000100101110
011011011001101001000010
011001001010101111110010
000110011001101001011111
111101000001001110001101
010100100011100100110100
001001110010100111101011
010101110010000100001100
000011000011001110100000
111001110011010100110001
011010011010111001110001
100011110001110100000101
110100000111100010100111
110000111001000100111010
000111000111111001001101
101000001100011110000101
110010111110111010100101
101011110011111011000110
101110100100000111111000
010100110010001000100110
100001001000101011010100
111011000001001011101000
111010001101101001011001
100100001001011011100001
110010101010100101100000
000100000100101100100001
100101000000111100010000
001100101011111001001101
111101110111100110001110
111010011100110010100111
000010000100100100101010
110100110010111000111100
101111000001100000010111
000011111001111110101100
111011110110101001001111
010100010111000110011001
011010011111110010100111
011110000011000001011110
101111000010100011010111
010000110000101010011100
111010010001001011011100
000101011110010000001011
010100001001101000100010
010111101010100010111001
000000111001100000100100
010100011110000010010101
111000010100101010010010
100000101011100110111001
110111110111011111011001
101011111011000111100010
010001001001110011101011
001000011010100011001001
001011001110111101100100
010001010100111000000101
111111010100100010010100
000110111001000101110110
101001110110101110110111
001100101110010001101010
111010111100010111011000
110001010110110110001010
101000001011000100011111
100011011100100111000110
010101111111010010110110
101100100011001111111011
101101100011000100111101
010010110100001111001101
101110001110100100110001
011010010001010100010111
110100100000000111010011
101000111011110101000001
001011100101111011101001
010011011110001010110100
000011000011101010100001
110000101110001111010011
101101101001101000000110
111100101101110101000000
101110001000111000101011
111010011111011000111111
111101111100000100110111
