100011101001011001111000
010111001010101101000110
001111011100100110100011
101110101001010001110000
010111001010001010111101
101000001000100010100011
100000101010100001111000
001101110110100101100110
011101000100111001111100
010101111101010110010000
011100101000011100110010
101100011010010101111110
010001101110001110001110
100001101001110100110011
100111011010010010111010
010100001000110010100001
100001111010111100111011
101101100011011010101000
001010111100110001100010
011100111011101000111011
011001111001001000111000
010100010110110110100011
100000000101110101110010
100110111011000101011001
011010100111100101000110
011000101001101011100111
001111100111101010001101
001111001110000101110000
001011100110110110011101
001100101011110101100100
011010000110001111011010
100100000110111101100100
001110110110001010111011
100101011000101110101010
100101000100111010100010
010110010111100001010100
101100010110100001110100
110101110110010001110111
011011011011001110101110
011101111100100110101111
001100000111101010011000
100011101010100001111001
011010011100100111011100
110011000100000010010100
100110101010100001111001
101010000101100010011000
001100110111010101100110
001101100110101111000010
100001010110000001000101
100111100111100010111111
110011010110110010010100
001100010111101101100011
010111110110110111010010
010010000110011011010010
011100111001111100111001
100011000101111111000110
011010101001101001101110
110000110111000001000001
010010011000110010100001
011001101100000110111100
001010101100000010010001
011001111100001111011100
100010110011011100101101
011101000101000101100110
100100011001011001011100
010111000101111101000000
101010010111010001000001
011111011000110111000111
101001011000101101100111
100111101010001010101110
101100111001101101111101
100010001011011101010000
100000001010100000111100
101000100101110000101101
010000100101111010000010
100001001000101011010101
011010001000011101001001
100000111001111010011001
100111100110001000110100
110011111000011010010100
100010001000001010101011
100110010011110010000101
101100111000101101100101
101110100111110100111010
011011011101000010110000
010110010111000111000010
010100111100010001111010
110000100010111101111001
001011010111010010101010
010101101100100011011000
101001000100100101111111
010111011100111001011110
101011011000001100111100
001101101011101101100001
110100111000000001110100
100011110011010010011011
110011100011000110011010
100011010100101010011110
110110100010101010001011
101111100011010110101000
